cnfgen randkxor 5 $n $n -T or 3 > s.cnf
=======================================
	
20
KISSAT;CRYPTOMINISAT;XMAPLELCM
0.00;0.03;0.24
0.42;0.18;0.33
0.62;2.93;2.78
0.50;0.14;0.02
0.03;0.01;0.40
25
KISSAT;CRYPTOMINISAT;XMAPLELCM
0.04;0.01;2.74
0.36;8.62;2.16
0.07;0.57;0.01
0.20;0.58;1.70
1.53;15.33;3.78
30
KISSAT;CRYPTOMINISAT;XMAPLELCM
14.34;60.14;8.88
0.01;0.08;0.38
0.04;2.18;4.78
0.00;0.10;0.06
5.10;19.11;7.25
35
KISSAT;CRYPTOMINISAT;XMAPLELCM
0.90;0.14;0.23
0.47;0.17;3.81
0.10;0.05;2.25
1.39;0.01;4.92
0.06;1.87;1.67
40
KISSAT;CRYPTOMINISAT;XMAPLELCM
35.98;60.08;7.81
25.63;60.13;4.24
52.26;60.04;6.18
2.81;0.18;5.44
0.32;56.85;4.10
45
KISSAT;CRYPTOMINISAT;XMAPLELCM
0.71;0.26;8.53
0.43;0.72;2.17
60.00;60.09;5.98
0.24;2.70;1.54
0.26;1.86;6.36
50
KISSAT;CRYPTOMINISAT;XMAPLELCM
60.00;60.07;16.48
9.28;8.44;9.29
60.00;60.11;44.76
60.00;60.12;15.73
0.01;5.11;3.17
55
KISSAT;CRYPTOMINISAT;XMAPLELCM
7.86;0.54;2.35
3.58;0.93;8.21
60.00;60.06;11.37
60.00;60.12;28.37
0.54;60.12;9.00
60
KISSAT;CRYPTOMINISAT;XMAPLELCM
60.00;60.04;31.51
60.00;60.04;23.74
60.00;60.09;23.95
60.00;60.06;27.44
4.71;60.15;22.57
65
KISSAT;CRYPTOMINISAT;XMAPLELCM
60.00;60.06;43.95
21.61;60.04;15.88
17.27;58.97;16.63
59.41;34.19;26.98
60.00;60.04;22.48
70
KISSAT;CRYPTOMINISAT;XMAPLELCM
60.00;60.10;40.42
4.33;49.88;5.77
60.00;60.03;34.53
60.00;60.04;24.12
20.85;0.53;27.41
