cnfgen randkxor 4 $n $n -T or 3 > s.cnf
=======================================

20
KISSAT;CRYPTOMINISAT;XMAPLELCM
0.01;0.02;0.30
0.00;0.00;0.00
0.09;0.13;0.80
0.00;0.00;0.01
0.03;0.06;0.67
25
KISSAT;CRYPTOMINISAT;XMAPLELCM
0.34;1.41;1.47
0.27;0.78;1.07
0.07;0.20;0.79
0.03;0.05;0.46
0.06;0.10;1.21
30
KISSAT;CRYPTOMINISAT;XMAPLELCM
0.00;0.00;0.01
0.50;3.17;1.85
0.28;0.79;0.86
0.11;0.33;0.57
0.09;0.34;0.74
35
KISSAT;CRYPTOMINISAT;XMAPLELCM
0.00;0.00;0.87
0.34;2.27;1.99
0.34;2.11;1.49
0.62;2.78;1.52
4.64;33.07;1.86
40
KISSAT;CRYPTOMINISAT;XMAPLELCM
0.60;4.02;1.55
0.72;6.00;1.40
0.01;0.01;0.19
2.63;19.53;2.10
0.24;1.12;1.70
45
KISSAT;CRYPTOMINISAT;XMAPLELCM
0.65;2.95;1.54
1.31;7.46;1.84
3.08;13.02;1.83
0.04;0.04;1.42
0.01;0.04;0.96
50
KISSAT;CRYPTOMINISAT;XMAPLELCM
0.01;0.29;1.36
6.44;45.09;2.10
3.00;19.31;1.75
0.04;0.09;1.21
3.11;15.62;1.40
55
KISSAT;CRYPTOMINISAT;XMAPLELCM
3.62;28.23;1.96
3.81;24.34;1.49
4.37;30.97;1.79
3.10;28.68;1.76
0.01;0.07;0.65
60
KISSAT;CRYPTOMINISAT;XMAPLELCM
0.24;0.08;1.68
3.25;24.82;1.78
60.00;60.10;2.16
0.24;0.89;1.37
11.41;43.72;1.69
65
KISSAT;CRYPTOMINISAT;XMAPLELCM
36.81;60.33;2.00
60.00;60.03;2.03
21.83;60.08;1.78
2.59;17.07;1.54
35.27;60.26;1.91
70
KISSAT;CRYPTOMINISAT;XMAPLELCM
17.95;60.06;2.47
0.07;0.64;1.86
10.07;52.18;1.79
0.27;1.70;1.21
60.00;60.15;2.68
75
KISSAT;CRYPTOMINISAT;XMAPLELCM
0.35;1.55;1.41
49.01;60.05;1.98
WARNING! DIMACS header mismatch: wrong number of variables.
7.43;23.15;1.54
60.00;60.07;2.58
25.71;60.13;2.04
